2.462398318574331313e+01
2.335037180873047191e+01
2.237752958324416497e+01
2.161224707407924583e+01
2.099583178215576496e+01
2.046591634137434923e+01
2.001773545234518892e+01
1.962610871812592706e+01
1.927115880121122871e+01
1.894522879527629300e+01
1.864479517995805580e+01
1.836687208708561059e+01
1.810949256176023781e+01
1.786989452802564671e+01
1.764595895715031304e+01
1.743502591942111124e+01
1.723421569156668909e+01
1.704198849718202169e+01
1.685777860220732549e+01
1.667980295408229452e+01
1.650602463343986059e+01
1.633740817927837341e+01
1.617515441026708345e+01
1.601805486179450000e+01
1.586558048868666226e+01
1.571783569243698153e+01
1.557512522469072280e+01
1.543726452206313304e+01
1.530459980675407827e+01
1.517580230943775632e+01
1.505104471367263308e+01
1.493029464471652901e+01
1.481304903325480637e+01
1.469947794166207800e+01
1.458949926915086337e+01
1.448334048896245108e+01
1.438034010417662145e+01
1.428026853020522680e+01
1.418350692503808652e+01
1.408947380421710172e+01
1.399805905670072903e+01
1.390887975154124057e+01
1.382182459586495682e+01
1.373685268245295354e+01
1.365364621188274086e+01
1.357172304534501350e+01
1.349110422367530582e+01
1.341149881795551835e+01
1.333283459040353414e+01
1.325469506669020348e+01
1.317706087745372301e+01
1.309988936886217914e+01
1.302295441472848303e+01
1.294629789578192280e+01
1.286990446499266483e+01
1.279394807278190171e+01
1.271853189007254059e+01
1.264366733825091416e+01
1.256946644441305949e+01
1.249616032146964528e+01
1.242366581851513629e+01
1.235188452642210777e+01
1.228066284579112022e+01
1.221009558118430682e+01
1.214009265563360529e+01
1.207061996997768460e+01
1.200167052542226820e+01
1.193356508161062735e+01
1.186634648402810832e+01
1.179999124592617044e+01
1.173445871420609521e+01
1.166986251186876800e+01
1.160629944412680636e+01
1.154376490400142785e+01
1.148247443632238785e+01
1.142258716387028983e+01
1.136406696535009253e+01
1.130691490202748994e+01
1.125116666095177109e+01
1.119689821934399809e+01
1.114411048191152354e+01
1.109266145008204774e+01
1.104253963182288167e+01
1.099376460906715813e+01
1.094650573205298727e+01
1.090067901900149216e+01
1.085632668873578233e+01
1.081336011150388110e+01
1.077166786753362260e+01
1.073113387045976630e+01
1.069163547999226438e+01
1.065312552265370982e+01
1.061553800071221332e+01
1.057889833294168902e+01
1.054311900684287373e+01
1.050798039335884582e+01
1.047343348819958564e+01
1.043939783924578357e+01
1.040560008669939407e+01
1.037179672511212836e+01
1.033768931519887779e+01
1.030354690014628538e+01
1.026926049229002835e+01
1.023482191323719803e+01
1.020018302645270403e+01
1.016534987813124502e+01
1.013051307068822560e+01
1.009549177586006152e+01
1.006010578679856415e+01
1.002429686216700233e+01
9.988256657141597827e+00
9.952131742579465978e+00
9.915991905589875088e+00
9.879461824485701982e+00
9.842393872660636589e+00
9.804486360854161475e+00
9.765713184228896893e+00
9.726181236545327735e+00
9.685947516412056757e+00
9.645041629490135549e+00
9.603342533283417026e+00
9.560812433298604418e+00
9.517689721413280068e+00
9.474011527802820964e+00
9.429874262548837649e+00
9.385107818707364657e+00
9.339829326223966888e+00
9.293793188987004683e+00
9.247298653270672020e+00
9.200726934303364857e+00
9.154267535345020690e+00
9.108014486438404944e+00
9.062178421475964640e+00
9.016859829517079206e+00
8.971952467572377188e+00
8.927674625849506995e+00
8.884071675246927313e+00
8.841049325354049415e+00
8.798481212653433303e+00
8.756561709834285168e+00
8.715353836900959550e+00
8.675082605956006887e+00
8.635547987168031625e+00
8.596536257706151929e+00
8.557969577757955193e+00
8.519909168036942759e+00
8.482374569795657848e+00
8.445502755622616320e+00
8.409208799238154342e+00
8.373374380770151504e+00
8.337852938213059062e+00
8.302485789983474973e+00
8.267208032119967243e+00
8.232033224994220078e+00
8.196834725873811678e+00
8.161674279853455616e+00
8.126476465729888687e+00
8.091086808291343857e+00
8.055535168636801302e+00
8.019775234060029234e+00
7.983827760018177955e+00
7.947446855290442258e+00
7.910395915681052159e+00
7.872628434897676719e+00
7.834111463566963529e+00
7.794793893283458175e+00
7.754450102026256175e+00
7.713133187026985027e+00
7.670853755117034822e+00
7.627998267205179594e+00
7.584888962779364086e+00
7.541982372171911919e+00
7.500212727637375565e+00
7.460244609416780470e+00
7.422127807895656737e+00
7.385877299554816311e+00
7.351234439098899287e+00
7.317904914913799352e+00
7.285786914568259220e+00
7.254669859051142922e+00
7.224560370558426925e+00
7.195064592402731662e+00
7.166193883770550777e+00
7.138038020893898938e+00
7.110590817085142845e+00
7.083779627128039103e+00
7.057279737600073766e+00
7.030903618754008377e+00
7.004902269790982849e+00
6.979105301662680283e+00
6.953355343451413262e+00
6.927504778855625212e+00
6.901576958958709263e+00
6.875599018243443439e+00
6.849287003421317799e+00
6.822657241036671927e+00
6.795736855008244426e+00
6.768431432300473283e+00
6.740563647641879541e+00
6.712231350209089342e+00
6.683775385035130689e+00
6.654979552879054516e+00
6.626049613087937828e+00
6.597145677568986066e+00
6.568641634932919970e+00
6.540571851192472863e+00
6.513143728193779403e+00
6.486343892634815589e+00
6.460282202010436237e+00
6.434883544177980141e+00
6.410407412318813947e+00
6.386873015623244498e+00
6.364043623342598544e+00
6.341761744626881914e+00
6.319973689069525946e+00
6.298684894079586982e+00
6.277940404064183966e+00
6.257712837249337134e+00
6.237963214144718549e+00
6.218554035632998023e+00
6.199362860488154325e+00
6.180363550340897127e+00
6.161547876218951281e+00
6.142858637768705776e+00
6.124258945687017786e+00
6.105717082474591884e+00
6.087287407675129103e+00
6.068994391590512905e+00
6.050836034895457516e+00
6.032797148588077363e+00
6.014864086201317406e+00
5.997013782066025200e+00
5.979212289048557949e+00
5.961489272831980379e+00
5.943870812169994799e+00
5.926395262141300968e+00
5.909073141168074805e+00
5.891916660176201859e+00
5.874863664518897188e+00
5.857944806004899974e+00
5.841167875281514377e+00
5.824494353316131523e+00
5.807928529016143315e+00
5.791405210317217112e+00
5.774957468999077470e+00
5.758642968789509098e+00
5.742526017704656205e+00
5.726532477844902047e+00
5.710641812457652122e+00
5.694834662029764516e+00
5.679089759349858824e+00
5.663447438651632915e+00
5.647920157574009892e+00
5.632515569950397705e+00
5.617229321533711683e+00
5.602078012243873140e+00
5.587038504469204803e+00
5.572142538581395854e+00
5.557430380635984157e+00
5.542875898278690094e+00
5.528447949168911357e+00
5.514134744281717460e+00
5.499916341573957368e+00
5.485848459858893023e+00
5.471978674334281756e+00
5.458304009185217076e+00
5.444895023587333682e+00
5.431665944718880645e+00
5.418649591912469532e+00
5.405813804045597415e+00
5.393159713064081373e+00
5.380706452194550238e+00
5.368543537432320711e+00
5.356671670075227709e+00
5.345145564582832520e+00
5.333987369390958300e+00
5.323175061761316051e+00
5.312728535828483700e+00
5.302667288532813217e+00
5.293006449296379756e+00
5.283887880755555599e+00
5.275326334159403885e+00
5.267401893751786801e+00
5.260108759692744940e+00
5.253458934493487220e+00
5.247482362745174989e+00
5.242263236520070535e+00
5.238051799530548891e+00
5.234940502894149361e+00
5.232871119291057305e+00
5.231790021341739205e+00
5.231749111969015154e+00
5.232948318313590974e+00
5.235607909147799610e+00
5.239676827301663842e+00
5.244909686634550816e+00
5.251167098838759095e+00
5.258544465404116686e+00
5.267007396472584979e+00
5.276165893755165648e+00
5.285496285101620728e+00
5.294630074202149927e+00
5.303216082484725646e+00
5.310391754059421210e+00
5.315746140532525033e+00
5.319594546510947097e+00
5.321751537879385374e+00
5.321330607558985015e+00
5.318163170979411269e+00
5.312954032891205713e+00
5.306203248945148943e+00
5.297543775244204944e+00
5.287283136587738852e+00
5.276344967249831264e+00
5.264745645571073496e+00
5.252281532322040647e+00
5.239175606011800213e+00
5.225848288845098111e+00
5.212190001287128283e+00
5.198013191918544607e+00
5.183540296754477694e+00
5.168846929620346309e+00
5.153878006571140702e+00
5.138614226733391632e+00
5.123226902890489320e+00
5.107767078678952188e+00
5.092200017608981888e+00
5.076532838868549113e+00
5.060863636832450219e+00
5.045188952823999706e+00
5.029480932717146580e+00
5.013759474670784755e+00
4.998115605520842664e+00
4.982652005915898741e+00
4.981884319725242705e+00
4.981118055250119525e+00
4.980353572187945943e+00
4.979590342046871676e+00
4.978827639095801061e+00
4.978065655167457138e+00
4.977303088057583480e+00
4.976538728719627436e+00
4.975773259025404904e+00
4.975005834696677454e+00
4.974236365929431969e+00
4.974197744468389359e+00
4.974159043476847231e+00
4.974120139283585651e+00
4.974081122893699636e+00
4.974041956412823318e+00
4.974002633723509703e+00
4.973963167156841614e+00
4.973923690158435384e+00
4.973884019831907644e+00
4.973844310087968346e+00
4.973804481984235082e+00
4.973802546699878313e+00
4.973800568997255311e+00
4.973798601437622757e+00
4.973796613185303528e+00
4.973794743902982596e+00
4.973792753300356750e+00
4.973790788703158938e+00
4.973788820919765818e+00
4.973786707400171814e+00
4.973784753516925505e+00
4.973782746139190358e+00
4.973782813305110295e+00
4.973782786301394587e+00
4.973782730573667266e+00
4.973782676735850394e+00
4.973782695634591633e+00
4.973782627034757375e+00
4.973782637357834879e+00
4.973782552396568413e+00
4.973782539757216625e+00
4.973782560475147996e+00
4.973782494538135701e+00
4.973782476127464491e+00
4.973782497567198924e+00
4.973782416602249512e+00
4.973782353782294940e+00
4.973782379391967545e+00
4.973782387625432122e+00
4.973782334108815206e+00
4.973782320236143306e+00
4.973782269466124006e+00
4.973782243449794471e+00
4.973782191097161132e+00
4.973782147733198933e+00
4.973782136424623523e+00
4.973782106981889051e+00
4.973782059878224082e+00
4.973782042001259285e+00
4.973781991638850819e+00
4.973781975365292318e+00
4.973781941630011971e+00
4.973781979180019519e+00
4.973781878910141785e+00
4.973781807913771225e+00
4.973781818497219120e+00
4.973781785650734477e+00
4.973781754121861631e+00
4.973781770827167215e+00
4.973781690748619866e+00
4.973781680376964331e+00
4.973781633714188466e+00
4.973781620459010178e+00
4.973781560280298386e+00
4.973781484960780652e+00
4.973781483832873107e+00
4.973781496639055000e+00
4.973781476482982633e+00
4.973781426068994982e+00
4.973781369881777437e+00
4.973781354170242253e+00
4.973781270908660623e+00
4.973781305905199623e+00
4.973781252300050859e+00
4.973781223892933312e+00
4.973781170766526927e+00
4.973781172250108185e+00
4.973781080272942745e+00
4.973781090486529166e+00
4.973781028656933501e+00
4.973781039679097127e+00
4.973781013036125742e+00
4.973780952111281906e+00
4.973780911839565277e+00
4.973780935130662328e+00
4.973780849900362178e+00
4.973780850325066893e+00
4.973780823216833014e+00
4.973780735295409094e+00
4.973780714466406572e+00
4.973780728219775682e+00
4.973780661619056964e+00
4.973780642332932267e+00
4.973780561821206980e+00
4.973780567345298387e+00
4.973780541421477075e+00
4.973780495965041126e+00
4.973780455424988922e+00
4.973780405293704021e+00
4.973780410076184211e+00
4.973780323093512479e+00
4.973780348588128675e+00
4.973780319346129630e+00
4.973780254697762082e+00
4.973780187699031963e+00
4.973780165890724803e+00
4.973780163449459835e+00
4.973780128511557486e+00
4.973780130112327669e+00
4.973780027416385252e+00
4.973779998822669413e+00
4.973779986150882237e+00
4.973779948638826554e+00
4.973779949836016456e+00
4.973779884529260897e+00
4.973779901672346959e+00
4.973779809735249913e+00
4.973779784031405526e+00
4.973779759422234825e+00
4.973779672298328514e+00
4.973779748902821041e+00
4.973779692414456832e+00
4.973779592783455605e+00
4.973779567837520510e+00
4.973779513575087741e+00
4.973779463129670120e+00
4.973779461171888627e+00
4.973779496293568414e+00
4.973779376801747532e+00
4.973779343394435060e+00
4.973779308933957033e+00
4.973779282445890182e+00
4.973779238178893003e+00
4.973779216971616179e+00
4.973779192088032985e+00
4.973779161700598195e+00
4.973779136265917167e+00
4.973779091268952790e+00
4.973779020491240210e+00
4.973779012007005562e+00
4.973778937557599811e+00
4.973778954421841370e+00
4.973778961753663630e+00
4.973778844482234618e+00
4.973778775350108816e+00
4.973778763972595662e+00
4.973778805597177666e+00
4.973778657414473336e+00
4.973778736794457700e+00
4.973778644721964071e+00
4.973778619667972301e+00
4.973778585604099689e+00
4.973778529490933131e+00
4.973778463745786915e+00
4.973778421862451893e+00
