0.084066
0.135875
0.173618
0.242203
0.344055
0.388538
0.451895
0.507767
0.522860
0.537218
0.555988
0.570453
0.582439
0.605585
0.612700
0.623345
0.643521
0.647001
0.634383
0.650097
0.661822
0.673459
0.661965
0.686332
0.676998
0.680136
0.691589
0.687954
0.708616
0.698297
0.723735
0.720725
0.703361
0.700687
0.721159
0.715748
0.736868
0.720117
0.734496
0.735895
0.729076
0.766360
0.719341
0.741136
0.756573
0.727496
0.751814
0.744310
0.773640
0.760742
0.743341
0.754854
0.763337
0.779419
0.772861
0.771596
0.773392
0.758553
0.779843
0.780087
0.781126
0.784698
0.772860
0.773105
0.789216
0.784779
0.786544
0.791851
0.772214
0.783797
0.783757
0.807505
0.811982
0.797862
0.804548
0.798932
0.793441
0.806232
0.799518
0.808145
0.816790
0.804390
0.821150
0.809990
0.797742
0.816984
0.800195
0.809430
0.820773
0.827671
0.821550
0.817828
0.816008
0.814995
0.833089
0.823730
0.833414
0.829148
0.813012
0.816159
0.831302
0.841924
0.819545
0.827789
0.845664
0.830769
0.831290
0.821845
0.831401
0.833007
0.833253
0.839120
0.831131
0.828417
0.839803
0.835872
0.843032
0.842105
0.827721
0.832597
0.847474
0.839164
0.857776
0.836935
0.821898
0.839303
0.836145
0.845706
0.834951
0.838942
